161,91,241,139,1.000000
161,91,241,139,0.983504
160,91,240,139,0.968765
160,91,240,139,0.964634
160,91,240,139,0.959392
160,91,240,139,0.956109
160,91,240,139,0.950870
160,91,240,139,0.950834
160,91,240,139,0.936379
160,91,240,139,0.940106
160,91,240,139,0.953057
160,91,240,139,0.957985
160,91,240,139,0.950366
160,91,240,139,0.938661
160,91,240,139,0.916031
160,91,240,139,0.845295
160,91,240,139,0.826288
160,91,240,139,0.772291
160,91,240,139,0.743802
159,91,239,139,0.851145
159,91,239,139,0.850256
158,91,238,139,0.880452
158,91,238,139,0.871968
158,91,237,139,0.866375
158,91,237,139,0.857809
158,91,237,139,0.848486
158,91,237,139,0.848885
158,91,237,139,0.836239
158,91,237,139,0.837657
158,91,237,139,0.839831
158,91,237,139,0.824054
158,91,237,139,0.809814
158,91,237,139,0.775809
158,91,237,139,0.771787
158,91,237,139,0.754679
158,91,237,139,0.763926
158,91,237,139,0.781725
158,91,237,139,0.795769
158,91,237,139,0.823361
158,91,237,139,0.826564
158,91,237,139,0.806288
158,91,237,139,0.799198
158,91,237,139,0.798904
158,91,237,139,0.813748
158,91,237,139,0.837052
158,91,237,139,0.882902
158,91,237,139,0.890268
158,91,237,139,0.880275
158,91,237,139,0.882319
158,91,237,139,0.889456
158,91,237,139,0.905210
158,91,237,139,0.905492
158,91,237,139,0.911251
158,91,237,139,0.900629
158,91,237,139,0.896526
158,91,237,139,0.895384
158,91,237,139,0.902479
158,91,237,139,0.909328
158,91,237,139,0.908968
158,91,237,139,0.910723
158,91,237,139,0.902359
158,91,237,139,0.901916
158,91,237,139,0.909816
158,91,237,139,0.914396
158,91,237,139,0.920369
158,91,237,139,0.909818
158,91,237,139,0.909064
158,91,237,139,0.918617
158,91,237,139,0.927906
158,91,237,139,0.928387
158,91,237,139,0.933397
158,91,237,139,0.927255
158,91,237,139,0.929742
158,91,237,139,0.923253
158,91,237,139,0.914326
158,91,237,139,0.908425
158,91,237,139,0.910012
158,91,237,139,0.905780
158,91,237,139,0.880377
158,91,237,139,0.869550
158,91,237,139,0.852077
158,91,237,139,0.877026
158,91,237,139,0.883583
158,91,237,139,0.879018
158,91,237,139,0.887044
158,91,237,139,0.911224
158,91,237,139,0.915555
158,91,237,139,0.927820
158,91,237,139,0.935527
158,91,237,139,0.934673
158,91,237,139,0.921991
158,91,237,139,0.926473
158,91,237,139,0.940238
158,91,237,139,0.949703
158,91,237,139,0.949105
158,91,237,139,0.929090
157,91,236,139,0.920651
157,91,236,139,0.912955
157,91,236,139,0.896808
157,91,236,139,0.895034
157,91,236,139,0.879247
157,91,236,139,0.862326
157,91,236,139,0.848992
157,91,236,139,0.797774
157,91,236,139,0.778767
157,91,236,139,0.754881
157,91,236,139,0.756162
157,91,236,139,0.804657
157,91,236,139,0.835358
157,91,236,139,0.878778
157,91,236,139,0.883718
157,91,236,139,0.892866
157,91,236,139,0.900939
157,91,236,139,0.894175
157,91,236,139,0.898413
157,91,236,139,0.902005
157,91,236,139,0.899661
157,91,236,139,0.875971
157,91,236,139,0.849416
157,91,236,139,0.800929
157,91,236,139,0.720789
157,91,236,139,0.691444
157,91,236,139,0.674272
157,91,236,139,0.658216
157,91,236,139,0.662835
157,91,236,139,0.669765
157,91,236,139,0.654926
157,91,236,139,0.669665
157,91,236,139,0.677203
157,91,236,139,0.686683
157,91,236,139,0.710919
157,91,236,139,0.730116
157,91,236,139,0.766288
157,91,236,139,0.781057
157,92,235,139,0.807659
157,92,235,139,0.859063
157,92,235,139,0.867217
157,92,235,139,0.871905
157,92,235,139,0.872159
157,92,235,139,0.866560
157,92,235,139,0.847832
157,92,235,139,0.821575
157,92,235,139,0.775675
157,92,235,139,0.763151
157,92,235,139,0.761497
157,92,235,139,0.785317
157,92,235,139,0.806495
157,92,235,139,0.834615
157,92,235,139,0.844939
157,92,235,139,0.856649
157,92,235,139,0.862192
157,92,235,139,0.856271
157,92,235,139,0.831986
157,92,235,139,0.825182
158,92,236,139,0.760267
158,92,236,139,0.818355
158,92,236,139,0.829587
158,92,236,139,0.834851
158,92,236,139,0.821214
158,92,236,139,0.774966
158,92,236,139,0.763014
158,92,236,139,0.777756
158,92,236,139,0.784703
158,92,236,139,0.806994
158,92,236,139,0.799120
158,92,236,139,0.779788
158,92,236,139,0.734650
158,92,236,139,0.717183
158,92,236,139,0.673158
158,92,236,139,0.659340
158,92,236,139,0.647366
158,92,236,139,0.649072
158,92,236,139,0.641751
158,92,236,139,0.629121
158,92,236,139,0.633564
158,92,236,139,0.644080
158,92,236,139,0.701467
158,92,236,139,0.708450
158,92,236,139,0.673149
158,92,236,139,0.651030
158,92,236,139,0.625599
158,92,236,139,0.622514
158,92,236,139,0.621633
158,92,236,139,0.629800
158,92,236,139,0.638523
158,92,236,139,0.642610
158,92,236,139,0.644676
158,92,236,139,0.649843
158,92,236,139,0.647292
158,92,236,139,0.649046
158,92,236,139,0.659570
158,92,236,139,0.673195
158,92,236,139,0.668180
158,92,236,139,0.686327
158,92,236,139,0.688423
158,92,236,139,0.745037
158,92,235,138,0.756180
158,92,234,138,0.845011
158,92,234,138,0.859201
158,92,234,138,0.860150
158,92,234,138,0.853988
158,92,234,138,0.834163
158,92,234,138,0.820721
158,92,234,138,0.792136
158,92,234,138,0.789152
158,92,234,138,0.786588
158,92,234,138,0.778227
158,92,234,138,0.773115
158,92,234,138,0.739144
158,92,234,138,0.715757
158,92,233,137,0.660373
158,92,233,137,0.626803
156,92,231,137,0.596092
154,92,229,137,0.663222
152,92,227,137,0.710961
150,93,224,138,0.753671
148,93,222,138,0.709859
143,94,215,138,0.718329
141,94,213,138,0.686954
137,96,208,139,0.699850
133,98,203,140,0.753863
130,100,200,142,0.680907
127,102,198,145,0.687985
125,104,196,147,0.715696
124,106,194,148,0.734770
123,107,194,150,0.782384
122,108,195,152,0.698050
121,110,194,154,0.777192
122,111,194,155,0.728966
124,112,195,156,0.761148
125,113,195,156,0.754798
126,114,196,156,0.736987
127,115,197,157,0.708720
128,117,198,159,0.732775
128,119,198,161,0.688876
128,120,198,162,0.703982
128,120,197,162,0.677146
129,119,197,161,0.720452
129,119,196,161,0.769771
129,119,196,161,0.763441
129,119,196,161,0.755203
129,119,196,161,0.750077
128,120,195,162,0.748018
127,120,194,162,0.710459
126,120,193,162,0.702054
125,120,192,162,0.696028
125,120,192,162,0.691344
125,120,192,162,0.691454
126,120,193,162,0.699124
127,120,194,162,0.676510
128,120,195,162,0.680320
129,120,196,162,0.689000
130,120,197,162,0.706125
131,120,198,162,0.713082
131,120,198,162,0.684426
131,120,198,162,0.668106
131,120,197,161,0.779845
131,120,197,161,0.791007
131,120,198,161,0.787065
131,120,198,161,0.776253
131,120,198,161,0.772754
131,120,198,161,0.746385
131,120,198,161,0.732840
131,120,199,161,0.726078
130,120,199,161,0.727609
129,120,198,161,0.709592
129,120,198,161,0.630001
130,120,200,162,0.644484
131,119,202,161,0.650027
131,118,203,161,0.630263
132,118,204,161,0.613305
132,118,204,161,0.657297
131,118,204,161,0.628314
131,118,203,161,0.691062
131,118,201,160,0.688082
130,118,199,159,0.754105
128,118,197,159,0.628926
127,118,196,159,0.628006
126,118,195,159,0.623595
124,118,193,159,0.614520
124,118,193,159,0.612632
123,119,192,160,0.624534
123,120,191,161,0.623965
123,121,191,162,0.680749
123,121,192,162,0.739007
123,121,192,162,0.733970
123,121,194,163,0.753503
124,120,195,163,0.662238
125,120,196,163,0.655426
126,120,197,162,0.646661
127,120,198,162,0.702689
128,120,200,162,0.664920
129,120,200,162,0.650095
130,120,201,162,0.637705
131,119,202,161,0.656789
133,119,204,161,0.638985
133,119,204,161,0.701467
133,119,205,162,0.704075
133,119,205,162,0.689742
133,119,205,162,0.684473
133,119,204,162,0.675483
133,119,204,162,0.656576
133,119,204,162,0.650654
133,119,204,162,0.655927
133,119,204,162,0.666379
133,119,203,162,0.666839
133,119,203,162,0.661268
133,119,203,162,0.649517
133,119,203,162,0.646378
133,119,203,162,0.658032
133,119,203,162,0.665787
133,119,203,162,0.666052
133,119,203,162,0.656217
133,119,203,162,0.648771
133,119,203,162,0.650125
134,119,204,162,0.646899
134,119,204,162,0.667887
134,119,204,162,0.666664
134,119,204,162,0.672529
134,119,204,162,0.680526
134,119,204,162,0.700734
134,119,204,162,0.701130
134,119,204,161,0.696504
134,119,204,161,0.687961
134,119,204,161,0.684495
134,119,205,162,0.674190
134,119,205,162,0.681093
134,119,205,162,0.669913
134,119,206,162,0.669539
135,119,207,162,0.645996
135,119,206,162,0.706909
136,119,206,161,0.691256
135,119,205,161,0.694931
135,119,205,161,0.650484
136,119,206,161,0.661906
136,119,206,161,0.760866
136,119,206,161,0.789185
136,119,206,161,0.810481
135,119,205,161,0.806911
135,119,204,160,0.763917
135,119,204,160,0.704848
135,119,205,161,0.674104
135,119,205,161,0.743414
135,119,205,161,0.729606
135,119,205,161,0.702369
135,119,205,161,0.692729
135,119,205,161,0.700401
136,119,205,160,0.700804
136,119,205,160,0.681117
136,119,205,160,0.678901
136,119,205,160,0.662688
136,119,205,160,0.648198
136,119,205,160,0.636682
136,119,205,160,0.626843
137,119,206,160,0.625945
137,119,206,160,0.665011
137,119,206,160,0.653256
137,119,206,160,0.658074
137,119,206,160,0.662368
137,119,206,160,0.679004
137,119,206,160,0.698780
137,119,206,160,0.720347
137,119,207,161,0.729233
137,119,207,161,0.708094
137,119,207,161,0.713463
137,119,208,161,0.706641
137,119,208,161,0.692820
137,119,208,161,0.683242
137,119,208,161,0.702469
137,119,208,161,0.724081
137,119,207,160,0.699065
137,119,207,160,0.689547
137,119,207,160,0.671873
137,119,206,160,0.651021
137,119,206,160,0.637040
137,119,206,160,0.612582
137,119,206,160,0.597809
138,120,207,161,0.587268
138,120,207,161,0.667802
138,121,207,162,0.660915
139,121,208,162,0.746037
139,121,208,162,0.779720
139,121,208,162,0.766094
139,121,208,162,0.732570
139,121,208,162,0.710206
139,121,208,162,0.696681
139,121,208,162,0.713544
139,121,208,162,0.741725
138,121,208,162,0.779367
137,122,207,163,0.684573
137,122,208,164,0.644941
137,122,209,165,0.693087
136,122,208,165,0.730427
136,122,208,165,0.675386
136,122,207,165,0.674679
136,122,207,165,0.643813
137,122,208,165,0.616335
138,122,209,165,0.683277
139,122,210,165,0.740614
139,122,210,165,0.808985
139,122,210,165,0.815024
139,122,210,165,0.813919
139,122,211,165,0.834242
139,122,211,165,0.882845
139,122,211,165,0.895260
138,122,211,166,0.901487
138,122,210,166,0.841162
138,122,210,166,0.807821
138,122,210,166,0.809096
139,122,211,166,0.805129
139,122,211,166,0.889809
138,122,209,165,0.844156
137,122,208,165,0.819017
136,122,207,165,0.756774
136,122,207,165,0.771719
136,122,207,165,0.773948
136,122,207,165,0.773518
136,122,207,165,0.784655
136,122,207,165,0.777153
136,122,207,165,0.763836
136,122,207,165,0.750609
135,122,206,165,0.735856
135,122,206,165,0.700677
135,122,207,165,0.684356
135,122,207,165,0.683857
135,122,207,165,0.693404
135,122,207,165,0.701838
135,122,207,165,0.693192
135,122,207,165,0.673493
135,122,207,165,0.652954
135,122,207,165,0.626140
135,122,207,165,0.624348
135,122,207,165,0.620608
135,122,207,165,0.619018
135,122,207,165,0.615821
135,122,207,165,0.613828
136,122,207,165,0.614108
136,122,207,165,0.676838
136,122,207,165,0.679912
136,122,207,165,0.684826
136,122,207,165,0.692496
136,122,207,165,0.693257
136,122,208,165,0.690923
136,122,208,165,0.714032
136,122,208,165,0.725258
136,122,209,165,0.720573
136,122,209,165,0.735763
136,122,208,165,0.736969
136,122,208,165,0.739776
136,122,208,165,0.751986
136,122,208,165,0.760883
136,122,208,165,0.765894
136,122,208,165,0.753902
136,122,208,165,0.746888
136,122,207,165,0.748733
136,122,208,165,0.738885
136,122,209,165,0.746235
136,122,208,165,0.757122
136,122,208,165,0.744912
136,122,208,165,0.737060
136,122,208,165,0.734726
136,122,208,165,0.730270
136,122,208,165,0.738082
136,122,208,165,0.747079
136,122,208,165,0.769095
136,122,208,165,0.780251
136,122,208,165,0.793952
136,122,208,165,0.803081
136,122,209,165,0.793474
136,122,209,165,0.829175
135,122,207,165,0.812550
135,122,207,165,0.798693
135,122,207,165,0.798602
134,122,206,165,0.781499
135,122,206,165,0.748396
135,121,207,165,0.803256
134,121,207,165,0.816409
134,121,207,165,0.717911
134,121,206,165,0.658910
135,121,207,165,0.630919
135,121,207,165,0.677334
135,121,207,165,0.673151
135,122,207,165,0.673487
135,122,207,165,0.668965
135,122,207,165,0.684520
135,122,207,165,0.708093
135,122,207,165,0.721347
135,122,207,165,0.734703
134,121,207,165,0.692799
134,121,206,165,0.770047
133,121,204,164,0.762827
133,121,204,164,0.686364
133,121,204,164,0.678751
133,121,204,164,0.686259
131,122,202,165,0.657199
130,122,201,165,0.694371
129,122,199,164,0.656865
127,123,195,164,0.647254
124,123,193,164,0.613557
121,123,190,164,0.620994
119,123,189,164,0.620220
119,123,189,164,0.618433
120,123,190,164,0.625818
121,123,191,164,0.624596
120,123,190,164,0.614801
119,123,189,164,0.616998
118,123,188,164,0.610524
118,123,188,164,0.616561
119,123,189,164,0.623779
120,123,190,164,0.620769
121,123,191,164,0.628046
122,123,191,164,0.628298
122,123,191,164,0.628684
122,123,191,164,0.627204
121,123,191,164,0.617595
120,123,190,164,0.615721
119,123,189,164,0.617087
119,123,189,164,0.617376
119,123,189,164,0.610051
120,123,190,164,0.614129
121,123,192,165,0.615204
123,123,195,165,0.617483
126,123,197,165,0.621477
129,123,200,165,0.623681
132,124,203,166,0.602941
134,124,204,165,0.645408
135,124,205,165,0.608892
137,124,206,165,0.651180
139,124,207,165,0.692977
139,124,208,165,0.720232
138,124,207,165,0.707997
137,124,206,165,0.687049
136,124,205,165,0.673887
135,124,205,165,0.656702
135,124,205,166,0.637208
135,124,205,166,0.708111
134,124,204,166,0.681940
134,124,204,166,0.686827
134,124,204,166,0.679083
134,124,204,166,0.662585
134,125,203,167,0.667035
134,125,203,167,0.714863
134,125,203,167,0.708207
134,125,203,167,0.673735
134,125,203,167,0.648099
134,125,202,166,0.682622
134,125,202,166,0.662521
134,124,203,165,0.668405
134,124,204,165,0.629610
135,124,205,166,0.602061
135,124,205,166,0.667429
135,124,206,166,0.688724
135,124,206,166,0.702103
135,124,206,166,0.717016
135,124,206,166,0.704856
135,124,206,166,0.698017
135,124,206,166,0.686095
135,124,206,166,0.668543
135,124,206,166,0.648999
135,124,206,166,0.627920
135,124,206,166,0.653075
135,124,206,166,0.675843
135,124,206,166,0.676625
135,124,205,166,0.671235
135,124,205,166,0.652547
136,124,206,166,0.674285
136,124,206,166,0.679096
136,124,206,166,0.663473
136,124,206,166,0.673373
136,124,206,166,0.663490
136,124,207,166,0.648235
136,124,206,166,0.676988
136,125,205,166,0.678796
135,125,205,166,0.680911
134,125,204,166,0.679103
133,125,201,166,0.683873
133,126,201,167,0.693520
133,126,201,167,0.725956
134,125,203,166,0.757155
134,125,203,166,0.733852
134,125,203,166,0.674195
134,125,203,166,0.709020
134,125,203,166,0.702977
134,125,203,166,0.700927
134,125,202,166,0.667428
134,125,203,166,0.640407
134,125,203,166,0.667014
134,125,203,166,0.695164
134,125,202,166,0.711643
134,125,202,166,0.666784
134,125,203,166,0.644728
134,125,204,167,0.635354
136,125,206,167,0.608395
141,124,211,166,0.608307
146,123,217,166,0.576189
149,122,223,166,0.538688
149,122,224,166,0.543385
146,122,220,165,0.544047
144,122,217,164,0.562214
141,122,214,164,0.576626
138,122,209,164,0.593114
135,122,206,164,0.575104
134,122,205,164,0.587249
135,122,206,164,0.584881
137,122,209,164,0.582067
138,122,209,164,0.582003
138,122,209,164,0.604483
138,122,209,164,0.600508
138,122,209,164,0.593591
137,123,207,164,0.600787
136,123,206,164,0.609598
135,122,206,164,0.607521
134,122,205,164,0.609455
135,122,206,164,0.644063
138,123,208,164,0.612433
139,123,209,164,0.605738
141,123,212,165,0.609940
143,122,215,164,0.609869
146,122,217,164,0.627535
147,122,218,164,0.613666
145,122,215,164,0.657929
144,122,214,164,0.681045
143,122,213,164,0.623606
142,122,212,164,0.655342
143,122,212,164,0.648563
144,121,215,164,0.586486
146,120,218,164,0.566141
149,118,222,163,0.570769
151,116,225,161,0.553089
153,114,228,159,0.542418
154,113,229,158,0.563889
155,112,230,157,0.570255
156,112,231,157,0.583043
157,112,232,157,0.614752
157,112,232,157,0.610408
158,112,233,157,0.621722
157,112,232,157,0.620053
156,112,231,157,0.628784
155,111,231,157,0.618155
154,110,230,156,0.611662
153,110,229,156,0.601456
152,110,228,156,0.604909
151,111,226,156,0.603729
151,111,225,156,0.616170
150,113,223,157,0.599747
148,114,220,158,0.583806
146,115,218,159,0.598950
145,116,216,159,0.638132
142,116,214,160,0.646178
140,117,211,160,0.672417
140,117,210,159,0.633678
140,117,210,159,0.649871
143,116,214,158,0.587913
145,116,216,158,0.612633
146,117,216,159,0.623819
143,119,212,161,0.701010
141,120,209,161,0.765439
138,121,205,161,0.809333
137,122,203,161,0.889876
136,122,202,161,0.889666
136,122,202,161,0.832856
137,122,203,161,0.896939
138,121,204,160,0.894796
138,121,204,160,0.924845
138,121,203,160,0.900975
138,121,204,160,0.924677
138,121,204,160,0.949479
138,121,204,160,0.908818
138,121,204,160,0.877029
139,122,204,161,0.790227
139,122,204,161,0.887395
139,122,204,161,0.882451
139,122,204,161,0.879234
139,122,205,162,0.766914
141,120,209,161,0.715613
143,119,212,161,0.659317
145,118,216,161,0.591641
145,118,216,161,0.603583
144,118,215,161,0.618588
143,118,214,160,0.595815
142,118,212,160,0.618811
140,119,209,160,0.643618
138,120,206,161,0.731224
137,121,205,162,0.772447
136,120,205,162,0.754872
136,120,205,162,0.771347
137,120,207,162,0.774605
140,119,210,161,0.642575
143,118,214,161,0.617124
145,117,216,160,0.606751
146,116,217,159,0.611191
146,116,217,159,0.645088
146,116,218,159,0.646379
145,116,216,159,0.662225
145,117,215,159,0.618038
144,118,214,160,0.624936
141,120,210,161,0.664900
139,122,206,162,0.685092
137,123,204,163,0.736190
136,123,203,163,0.771441
135,122,202,162,0.791940
135,121,202,161,0.796978
135,121,202,161,0.765434
135,121,202,161,0.736467
135,121,202,161,0.710095
134,121,201,161,0.716672
132,121,198,161,0.774629
131,121,197,161,0.799443
131,121,197,161,0.702892
131,121,197,161,0.693660
132,120,198,160,0.635253
132,121,198,161,0.596905
130,123,196,163,0.749062
128,124,194,164,0.812991
127,125,193,165,0.861924
126,124,192,164,0.803841
126,124,192,164,0.861230
125,124,190,163,0.836881
124,124,189,163,0.821854
123,124,186,162,0.789097
123,125,185,162,0.771738
123,125,185,162,0.687464
124,125,186,162,0.699130
124,125,186,162,0.720430
127,123,190,161,0.659018
129,122,193,161,0.615285
129,122,194,161,0.659638
129,122,194,161,0.699974
130,122,196,161,0.660699
130,122,196,161,0.629474
129,122,195,161,0.621375
129,123,193,160,0.606611
129,123,192,160,0.599693
128,123,191,160,0.596953
128,123,192,161,0.600499
128,123,193,162,0.610070
129,123,194,162,0.618941
129,123,194,162,0.670573
128,123,193,162,0.680728
129,123,196,163,0.733726
131,122,199,163,0.725572
131,122,199,163,0.733673
131,122,200,163,0.735878
130,122,199,163,0.732541
129,122,198,163,0.742813
128,123,197,164,0.740083
127,124,195,165,0.757929
126,124,194,165,0.769729
126,124,194,165,0.760945
126,124,194,165,0.819899
126,124,194,165,0.822652
126,124,194,165,0.780006
126,124,194,165,0.812840
126,124,195,165,0.802052
126,124,195,165,0.807153
126,124,195,165,0.802739
126,124,195,165,0.806086
127,124,195,165,0.728894
128,124,196,165,0.722371
129,124,197,165,0.718756
130,124,198,165,0.724718
130,125,198,166,0.756623
130,129,198,170,0.735715
130,131,198,172,0.717364
130,134,197,175,0.729924
132,134,197,174,0.702504
133,134,197,173,0.733522
133,136,197,175,0.702104
131,139,196,178,0.761786
131,140,196,179,0.676384
131,141,196,180,0.649168
130,144,195,183,0.617714
130,144,195,183,0.633788
131,143,196,181,0.656812
131,141,194,178,0.688049
128,140,188,176,0.691862
120,141,177,175,0.793280
101,143,156,176,0.716392
80,149,133,181,0.616890
51,163,101,193,0.611379
31,175,79,204,0.519428
18,184,67,214,0.480789
NaN,NaN,NaN,NaN,NaN
NaN,NaN,NaN,NaN,NaN
NaN,NaN,NaN,NaN,NaN
NaN,NaN,NaN,NaN,NaN
15,189,54,212,0.479308
19,186,59,209,0.513960
24,183,64,206,0.520377
31,178,72,201,0.561132
36,175,78,199,0.591476
45,170,88,195,0.595958
54,165,98,191,0.633333
61,162,106,188,0.633146
72,157,119,184,0.612853
81,153,148,193,0.660943
93,149,160,189,0.645546
105,146,172,186,0.590043
123,142,190,182,0.585410
132,140,199,180,0.585801
140,138,207,178,0.582016
149,136,216,176,0.559014
154,135,221,175,0.563466
156,134,223,174,0.562749
158,134,225,174,0.557737
159,134,226,174,0.554859
159,135,226,175,0.551709
159,135,226,175,0.548364
158,136,225,176,0.546347
157,136,224,176,0.547941
155,136,222,176,0.551667
154,136,221,176,0.556677
153,136,220,176,0.566921
151,136,218,176,0.580039
150,136,217,176,0.600680
150,136,217,176,0.611382
150,136,217,176,0.617409
150,136,217,176,0.611021
150,136,217,176,0.615010
150,136,217,176,0.610452
150,136,217,176,0.613355
150,136,217,176,0.601109
149,136,216,176,0.609022
148,136,215,176,0.613910
147,136,214,176,0.602551
146,136,213,176,0.594120
145,136,212,176,0.577047
144,136,211,176,0.569798
143,136,210,176,0.576146
142,136,209,176,0.579524
141,136,208,176,0.582789
140,136,207,176,0.589140
139,136,206,176,0.573031
139,137,205,177,0.578568
139,137,204,177,0.576591
139,137,204,177,0.576850
139,137,204,177,0.575267
140,137,204,176,0.579252
140,137,203,175,0.595229
140,137,201,174,0.588711
140,137,200,173,0.625342
140,137,199,173,0.672454
140,137,198,173,0.667310
140,137,198,172,0.675110
140,137,197,171,0.669200
140,136,197,170,0.644740
140,135,196,169,0.603776
140,135,196,169,0.615462
140,135,196,169,0.616176
140,135,196,169,0.604334
140,135,196,169,0.613869
140,135,196,169,0.628524
140,136,196,170,0.678290
140,136,196,170,0.647855
140,136,196,170,0.654188
140,136,196,170,0.683012
140,136,197,170,0.685427
139,136,196,170,0.665221
138,136,195,170,0.656487
138,137,195,171,0.645161
137,138,194,172,0.703626
136,139,193,173,0.690982
133,143,193,179,0.642156
126,145,190,183,0.625577
116,144,189,188,0.579768
109,140,198,193,0.523472
117,134,215,192,0.554211
135,122,245,187,0.572992
152,108,264,174,0.522492
161,99,274,165,0.514265
167,91,278,156,0.513340
169,86,277,150,0.503927
167,83,269,144,0.498571
160,86,257,144,0.488838
152,90,246,146,0.493246
145,96,233,149,0.504833
136,103,221,155,0.530594
123,113,205,162,0.540497
115,118,196,166,0.576919
113,119,190,165,0.557299
112,121,186,166,0.556359
113,122,185,166,0.609032
113,124,184,167,0.595741
111,125,180,167,0.561353
113,125,182,166,0.566553
114,125,183,166,0.596079
114,124,184,165,0.589054
115,125,184,166,0.622634
116,125,184,166,0.685205
115,126,181,166,0.706862
113,128,176,166,0.685152
109,129,168,165,0.595409
107,129,164,164,0.563385
106,129,163,164,0.548038
106,128,164,164,0.561528
108,127,170,165,0.591430
110,127,175,167,0.591972
111,126,177,167,0.582631
113,126,179,167,0.582924
114,125,180,166,0.607940
114,125,180,166,0.612045
114,125,180,166,0.608092
114,125,180,166,0.608481
114,125,180,166,0.599944
114,125,180,166,0.602144
113,125,179,166,0.598517
112,125,178,166,0.582850
112,124,178,165,0.580185
112,124,178,165,0.586868
113,124,179,165,0.593267
114,124,180,165,0.603016
114,123,180,164,0.590345
114,123,180,164,0.601241
114,123,180,164,0.590430
114,123,180,164,0.602230
114,123,180,164,0.609778
114,123,180,164,0.604139
114,123,180,164,0.599852
115,123,181,164,0.627780
116,124,182,165,0.642815
117,124,183,165,0.720942
117,125,183,166,0.683958
117,125,183,166,0.738479
117,125,183,166,0.775496
117,126,183,167,0.778799
117,126,183,167,0.801987
116,126,182,167,0.806664
116,126,182,167,0.712694
116,127,183,168,0.661255
117,127,185,168,0.667647
117,127,186,169,0.654492
117,127,187,169,0.683416
116,127,186,169,0.656417
116,127,187,169,0.644002
116,127,187,169,0.640013
116,127,187,169,0.643272
116,127,186,169,0.633032
117,127,187,169,0.623609
119,127,189,169,0.644188
119,127,190,169,0.623840
119,127,190,169,0.660200
117,127,189,170,0.651736
117,126,190,170,0.662157
116,126,190,170,0.682680
116,126,189,170,0.678883
116,126,188,169,0.664351
116,126,187,169,0.651282
116,126,187,169,0.629904
116,126,187,169,0.662089
115,126,186,169,0.696173
112,126,183,169,0.687106
108,126,177,168,0.664197
103,127,171,169,0.622406
102,127,170,168,0.610479
101,127,169,168,0.618239
100,127,169,169,0.602152
100,126,170,168,0.595016
101,125,172,167,0.597069
101,125,172,167,0.582455
101,125,173,167,0.593176
102,125,173,167,0.606361
102,125,174,168,0.631776
104,125,177,168,0.616292
106,125,180,169,0.628997
107,125,182,170,0.653716
107,125,182,170,0.659495
106,128,182,173,0.658030
106,129,185,176,0.630377
105,129,184,176,0.613563
106,128,183,174,0.580649
106,127,182,172,0.648526
107,127,181,171,0.636089
107,127,180,170,0.665252
106,126,179,169,0.662556
107,125,179,168,0.644524
107,125,179,168,0.635461
107,125,179,168,0.621956
108,125,179,167,0.644860
108,125,179,167,0.614092
106,125,177,167,0.607283
105,125,176,167,0.615096
104,125,175,167,0.605671
104,129,175,171,0.588388
101,132,170,173,0.613792
